C1 4.990205 -5.679311E-08 1.404445 3.823694E-07
C3 4.990205 -5.679311E-08 1.404445 3.823694E-07
C4 4.990205 -5.679311E-08 1.404445 3.823694E-07
C2 4.990205 -5.679311E-08 1.404445 3.823694E-07
Bfloorfbx 0.05 -3.104409E-10 0 -1.940255E-11
Roof 690.1876 -2.300991 234.2823 -1.395704
wall1 263.7764 0.0003662109 1.361143 2.672682
Outsidefloorfbx 0.114468 -1.396984E-09 1.428028E-08 -1.74623E-10
Ringhiera1 487.3628 -2.223284E-05 -0.0002280341 9.01112
Ringhiera2 487.3628 -2.223284E-05 -0.0002280341 9.01112

