Cabbage 0.006964586 -0.009314328 0.00396747 0.007341693
MagicStone 0.01290964 -0.0005203586 -0.0002542754 0.08404563
Cabbage 0.006964586 -0.009314328 0.00396747 0.007341693
MagicStone 0.01290964 -0.0005203586 -0.0002542754 0.08404563
Cabbage 0.006964586 -0.009314328 0.00396747 0.007341693
MagicStone 0.01290964 -0.0005203586 -0.0002542754 0.08404563
Cabbage 0.006964586 -0.001164291 0.0004959338 0.0009177116
MagicStone 0.01290964 -5.203586E-05 -2.542754E-05 0.008404563
Cabbage 0.006964586 -0.001164291 0.0004959338 0.0009177116
MagicStone 0.01290964 -5.203586E-05 -2.542754E-05 0.008404563
